X value
0.425
0.984
1.52
2.012
2.504
3.04
3.532
4.069
4.516
5.007
5.991
6.528
7.019
7.511
8.003
8.45
9.031
9.523
9.97
10.462
10.954
11.49
11.982
12.474
12.966
13.458
13.949
14.486
14.978
15.469
16.006
16.453
16.945
17.481
18.018
18.465
18.957
19.449
20.03
20.477
20.969
21.461
21.952
22.444
22.981
23.472
23.964
24.456
25.015


Y value
1.561
2.832
3.988
5.549
7.572
9.422
11.214
13.41
14.74
16.59
19.191
20.751
22.023
23.064
23.873
24.682
25.434
26.012
26.358
26.647
26.936
27.225
27.514
27.688
27.803
27.63
27.514
27.399
27.283
27.168
26.879
26.59
26.358
26.069
25.723
25.434
25.029
24.682
24.162
23.815
23.41
23.064
22.717
22.37
22.023
21.734
21.445
21.156
20.867

